10.600000     !  bmom  - lepton momentum
0.000000     !  tmom  - proton momentum (0 = fixed target)
1         !  lepton - 1=electron 2=muon
3         !  ivec  - 1=rho 2=omega 3=phi 4=J/psi
1000000.000000 1000000.000000 500000.000000   ! ann1 ann2 ann3 - event counts
0.020000        !  vcut  - v cut (0=none)
3         !  nev   - MC samples per point
333522    !  seed
36         !  npoi  - number of kinematic points
-12.250000 -12.250000 -12.250000 -12.250000 -12.250000 -12.250000 -12.250000 -12.250000 -12.250000 -12.250000 -12.250000 -12.250000 -12.250000 -12.250000 -12.250000 -12.250000 -12.250000 -12.250000 -12.250000 -12.250000 -12.250000 -12.250000 -12.250000 -12.250000 -12.250000 -12.250000 -12.250000 -12.250000 -12.250000 -12.250000 -12.250000 -12.250000 -12.250000 -12.250000 -12.250000 -12.250000
-4.000000 -4.000000 -4.000000 -4.000000 -4.000000 -4.000000 -4.000000 -4.000000 -4.000000 -4.000000 -4.000000 -4.000000 -4.000000 -4.000000 -4.000000 -4.000000 -4.000000 -4.000000 -4.000000 -4.000000 -4.000000 -4.000000 -4.000000 -4.000000 -4.000000 -4.000000 -4.000000 -4.000000 -4.000000 -4.000000 -4.000000 -4.000000 -4.000000 -4.000000 -4.000000 -4.000000
-1.153333 -1.153333 -1.153333 -1.153333 -1.153333 -1.153333 -1.153333 -1.153333 -1.153333 -1.680000 -1.680000 -1.680000 -1.680000 -1.680000 -1.680000 -1.680000 -1.680000 -1.680000 -2.601667 -2.601667 -2.601667 -2.601667 -2.601667 -2.601667 -2.601667 -2.601667 -2.601667 -8.000000 -8.000000 -8.000000 -8.000000 -8.000000 -8.000000 -8.000000 -8.000000 -8.000000
-0.100000 -0.100000 -0.100000 -0.100000 -0.100000 -0.100000 -0.100000 -0.100000 -0.100000 -1.153333 -1.153333 -1.153333 -1.153333 -1.153333 -1.153333 -1.153333 -1.153333 -1.153333 -1.680000 -1.680000 -1.680000 -1.680000 -1.680000 -1.680000 -1.680000 -1.680000 -1.680000 -2.601667 -2.601667 -2.601667 -2.601667 -2.601667 -2.601667 -2.601667 -2.601667 -2.601667
-0.417574 -0.492407 -0.642074 -0.716907 -0.866574 -1.091074 -1.315574 -1.764574 -4.533407 -0.456767 -0.531601 -0.681267 -0.756101 -0.905767 -1.130267 -1.354767 -1.803767 -4.572601 -0.505892 -0.580725 -0.730392 -0.805225 -0.954892 -1.179392 -1.403892 -1.852892 -4.621725 -0.867977 -0.942810 -1.092477 -1.167310 -1.316977 -1.541477 -1.765977 -2.214977 -4.983810
-0.043407 -0.417574 -0.492407 -0.642074 -0.716907 -0.866574 -1.091074 -1.315574 -1.764574 -0.082601 -0.456767 -0.531601 -0.681267 -0.756101 -0.905767 -1.130267 -1.354767 -1.803767 -0.131725 -0.505892 -0.580725 -0.730392 -0.805225 -0.954892 -1.179392 -1.403892 -1.852892 -0.493810 -0.867977 -0.942810 -1.092477 -1.167310 -1.316977 -1.541477 -1.765977 -2.214977
