10.199800     !  bmom  - lepton momentum
0.000000     !  tmom  - proton momentum (0 = fixed target)
1         !  lepton - 1=electron 2=muon
3         !  ivec  - 1=rho 2=omega 3=phi 4=J/psi
1000000.000000 1000000.000000 500000.000000   ! ann1 ann2 ann3 - event counts
0.020000        !  vcut  - v cut (0=none)
3         !  nev   - MC samples per point
333522    !  seed
36         !  npoi  - number of kinematic points
-12.250000 -12.250000 -12.250000 -12.250000 -12.250000 -12.250000 -12.250000 -12.250000 -12.250000 -12.250000 -12.250000 -12.250000 -12.250000 -12.250000 -12.250000 -12.250000 -12.250000 -12.250000 -12.250000 -12.250000 -12.250000 -12.250000 -12.250000 -12.250000 -12.250000 -12.250000 -12.250000 -12.250000 -12.250000 -12.250000 -12.250000 -12.250000 -12.250000 -12.250000 -12.250000 -12.250000
-4.000000 -4.000000 -4.000000 -4.000000 -4.000000 -4.000000 -4.000000 -4.000000 -4.000000 -4.000000 -4.000000 -4.000000 -4.000000 -4.000000 -4.000000 -4.000000 -4.000000 -4.000000 -4.000000 -4.000000 -4.000000 -4.000000 -4.000000 -4.000000 -4.000000 -4.000000 -4.000000 -4.000000 -4.000000 -4.000000 -4.000000 -4.000000 -4.000000 -4.000000 -4.000000 -4.000000
-1.153333 -1.153333 -1.153333 -1.153333 -1.153333 -1.153333 -1.153333 -1.153333 -1.153333 -1.680000 -1.680000 -1.680000 -1.680000 -1.680000 -1.680000 -1.680000 -1.680000 -1.680000 -2.601667 -2.601667 -2.601667 -2.601667 -2.601667 -2.601667 -2.601667 -2.601667 -2.601667 -8.000000 -8.000000 -8.000000 -8.000000 -8.000000 -8.000000 -8.000000 -8.000000 -8.000000
-0.100000 -0.100000 -0.100000 -0.100000 -0.100000 -0.100000 -0.100000 -0.100000 -0.100000 -1.153333 -1.153333 -1.153333 -1.153333 -1.153333 -1.153333 -1.153333 -1.153333 -1.153333 -1.680000 -1.680000 -1.680000 -1.680000 -1.680000 -1.680000 -1.680000 -1.680000 -1.680000 -2.601667 -2.601667 -2.601667 -2.601667 -2.601667 -2.601667 -2.601667 -2.601667 -2.601667
-0.418827 -0.493660 -0.643327 -0.718160 -0.867827 -1.092327 -1.316827 -1.765827 -4.534660 -0.459491 -0.534324 -0.683991 -0.758824 -0.908491 -1.132991 -1.357491 -1.806491 -4.575324 -0.510458 -0.585291 -0.734958 -0.809791 -0.959458 -1.183958 -1.408458 -1.857458 -4.626291 -0.886125 -0.960959 -1.110625 -1.185459 -1.335125 -1.559625 -1.784125 -2.233125 -5.001959
-0.044660 -0.418827 -0.493660 -0.643327 -0.718160 -0.867827 -1.092327 -1.316827 -1.765827 -0.085324 -0.459491 -0.534324 -0.683991 -0.758824 -0.908491 -1.132991 -1.357491 -1.806491 -0.136291 -0.510458 -0.585291 -0.734958 -0.809791 -0.959458 -1.183958 -1.408458 -1.857458 -0.511959 -0.886125 -0.960959 -1.110625 -1.185459 -1.335125 -1.559625 -1.784125 -2.233125
