10.600000     !  bmom  - lepton momentum
0.000000     !  tmom  - proton momentum (0 = fixed target)
1         !  lepton - 1=electron 2=muon
3         !  ivec  - 1=rho 2=omega 3=phi 4=J/psi
1000000.000000 1000000.000000 500000.000000   ! ann1 ann2 ann3 - event counts
0.020000        !  vcut  - v cut (0=none)
3         !  nev   - MC samples per point
333522    !  seed
32         !  npoi  - number of kinematic points
-12.250000 -12.250000 -12.250000 -12.250000 -12.250000 -12.250000 -12.250000 -12.250000 -12.250000 -12.250000 -12.250000 -12.250000 -12.250000 -12.250000 -12.250000 -12.250000 -12.250000 -12.250000 -12.250000 -12.250000 -12.250000 -12.250000 -12.250000 -12.250000 -12.250000 -12.250000 -12.250000 -12.250000 -12.250000 -12.250000 -12.250000 -12.250000
-4.000000 -4.000000 -4.000000 -4.000000 -4.000000 -4.000000 -4.000000 -4.000000 -4.000000 -4.000000 -4.000000 -4.000000 -4.000000 -4.000000 -4.000000 -4.000000 -4.000000 -4.000000 -4.000000 -4.000000 -4.000000 -4.000000 -4.000000 -4.000000 -4.000000 -4.000000 -4.000000 -4.000000 -4.000000 -4.000000 -4.000000 -4.000000
-1.066700 -1.066700 -1.066700 -1.066700 -1.066700 -1.066700 -1.066700 -1.066700 -1.466700 -1.466700 -1.466700 -1.466700 -1.466700 -1.466700 -1.466700 -1.466700 -2.000000 -2.000000 -2.000000 -2.000000 -2.000000 -2.000000 -2.000000 -2.000000 -8.000000 -8.000000 -8.000000 -8.000000 -8.000000 -8.000000 -8.000000 -8.000000
-0.100000 -0.100000 -0.100000 -0.100000 -0.100000 -0.100000 -0.100000 -0.100000 -1.066700 -1.066700 -1.066700 -1.066700 -1.066700 -1.066700 -1.066700 -1.066700 -1.466700 -1.466700 -1.466700 -1.466700 -1.466700 -1.466700 -1.466700 -1.466700 -2.000000 -2.000000 -2.000000 -2.000000 -2.000000 -2.000000 -2.000000 -2.000000
-0.331693 -0.406693 -0.481693 -0.556693 -0.631693 -0.706693 -0.856693 -4.531693 -0.364005 -0.439005 -0.514005 -0.589005 -0.664005 -0.739005 -0.889005 -4.564005 -0.392530 -0.467530 -0.542530 -0.617530 -0.692530 -0.767530 -0.917530 -4.592530 -0.738988 -0.813988 -0.888988 -0.963988 -1.038988 -1.113988 -1.263988 -4.938988
-0.032693 -0.331693 -0.406693 -0.481693 -0.556693 -0.631693 -0.706693 -0.856693 -0.065005 -0.364005 -0.439005 -0.514005 -0.589005 -0.664005 -0.739005 -0.889005 -0.093530 -0.392530 -0.467530 -0.542530 -0.617530 -0.692530 -0.767530 -0.917530 -0.439988 -0.738988 -0.813988 -0.888988 -0.963988 -1.038988 -1.113988 -1.263988
